Point;0;120.0;243.0;0.0;0.0;0.0
Point;1;303.0;319.0;0.0;0.0;0.0
Point;2;124.0;388.0;0.0;0.0;0.0
SegmentT;0;0;1;0.0;0.0;1.0
SegmentT;1;1;2;0.0;0.0;1.0
SegmentT;2;2;0;0.0;0.0;1.0
TriangleT;0;0;1;2;0;1;2;0.0;0.501960813999176;0.0
Point;3;540.0;331.0;0.0;0.0;0.0
Point;4;651.0;279.0;0.0;0.0;0.0
Point;5;640.0;345.0;0.0;0.0;0.0
SegmentT;3;3;4;0.0;0.0;1.0
SegmentT;4;4;5;0.0;0.0;1.0
SegmentT;5;5;3;0.0;0.0;1.0
TriangleT;1;3;4;5;3;4;5;0.0;0.501960813999176;0.0
Point;6;644.0;233.0;0.0;0.0;0.0
Point;7;687.0;184.0;0.0;0.0;0.0
Point;8;603.0;141.0;0.0;0.0;0.0
SegmentT;6;6;7;0.0;0.0;1.0
SegmentT;7;7;8;0.0;0.0;1.0
SegmentT;8;8;6;0.0;0.0;1.0
TriangleT;2;6;7;8;6;7;8;0.0;0.501960813999176;0.0
Point;9;338.0;446.0;0.0;0.0;0.0
SegmentT;9;2;1;0.0;0.0;1.0
SegmentT;10;1;9;0.0;0.0;1.0
SegmentT;11;9;2;0.0;0.0;1.0
TriangleT;3;2;1;9;9;10;11;0.0;0.501960813999176;0.0
Point;10;710.0;255.0;0.0;0.0;0.0
SegmentT;12;4;6;0.0;0.0;1.0
SegmentT;13;6;10;0.0;0.0;1.0
SegmentT;14;10;4;0.0;0.0;1.0
TriangleT;4;4;6;10;12;13;14;0.0;0.501960813999176;0.0
SegmentT;15;7;10;0.0;0.0;1.0
SegmentT;16;10;6;0.0;0.0;1.0
SegmentT;17;6;7;0.0;0.0;1.0
TriangleT;5;7;10;6;15;16;17;0.0;0.501960813999176;0.0
SegmentT;18;4;10;0.0;0.0;1.0
SegmentT;19;10;5;0.0;0.0;1.0
SegmentT;20;5;4;0.0;0.0;1.0
TriangleT;6;4;10;5;18;19;20;0.0;0.501960813999176;0.0
Terrain;0;0;1;2;3;4;5;6
Appui_Simple;0;0;0;1;0.23497267759562843;0.0;0.0;0.0
Noeud_Simple;1;234.0;221.0;0.0;0.0;0.0
Barre;0;0;1;0.0;0.0;1.0
Appui_Double;2;0;0;1;0.726775956284153;0.0;0.0;0.0
Barre;1;1;2;0.0;0.0;1.0
Noeud_Simple;3;333.0;247.0;0.0;0.0;0.0
Barre;2;2;3;0.0;0.0;1.0
Noeud_Simple;4;369.0;315.0;0.0;0.0;0.0
Barre;3;3;4;0.0;0.0;1.0
Noeud_Simple;5;421.0;261.0;0.0;0.0;0.0
Barre;4;4;5;0.0;0.0;1.0
Noeud_Simple;6;468.0;315.0;0.0;0.0;0.0
Barre;5;5;6;0.0;0.0;1.0
Noeud_Simple;7;502.0;266.0;0.0;0.0;0.0
Barre;6;6;7;0.0;0.0;1.0
Appui_Encastre;8;1;3;4;0.40540540540540543;0.0;0.0;0.0
Barre;7;7;8;0.0;0.0;1.0
Barre;8;6;8;0.0;0.0;1.0
Barre;9;7;5;0.0;0.0;1.0
Barre;10;4;6;0.0;0.0;1.0
Barre;11;3;5;0.0;0.0;1.0
Barre;12;4;2;0.0;0.0;1.0
Barre;13;1;3;0.0;0.0;1.0
Noeud_Simple;9;523.0;203.0;0.501960813999176;0.501960813999176;0.501960813999176
Barre;14;7;9;0.0;0.0;1.0
Noeud_Simple;10;590.0;249.0;0.501960813999176;0.501960813999176;0.501960813999176
Barre;15;8;10;0.0;0.0;1.0
Barre;16;10;7;0.0;0.0;1.0
Barre;17;9;10;0.0;0.0;1.0
Appui_Encastre;11;2;8;6;0.7073170731707317;0.0;0.0;0.0
Barre;18;10;11;0.0;0.0;1.0
Noeud_Simple;12;563.0;156.0;0.501960813999176;0.501960813999176;0.501960813999176
Barre;19;9;12;0.0;0.0;1.0
Appui_Simple;13;2;8;6;0.2926829268292683;0.0;0.0;0.0
Barre;20;12;13;0.0;0.0;1.0
Barre;21;12;10;0.0;0.0;1.0
Treillis;0;0;0;1;2;3;4;5;6;7;8;9;10;11;12;13;14;15;16;17;18;19;20;21
