Point;0;146.0;279.0;0.0;0.0;0.0
Point;1;245.0;357.0;0.0;0.0;0.0
Point;2;159.0;412.0;0.0;0.0;0.0
SegmentT;0;0;1;0.0;0.0;1.0
SegmentT;1;1;2;0.0;0.0;1.0
SegmentT;2;2;0;0.0;0.0;1.0
TriangleT;0;0;1;2;0;1;2;0.0;0.501960813999176;0.0
Point;3;469.0;350.0;0.0;0.0;0.0
Point;4;591.0;300.0;0.0;0.0;0.0
Point;5;584.0;401.0;0.0;0.0;0.0
SegmentT;3;3;4;0.0;0.0;1.0
SegmentT;4;4;5;0.0;0.0;1.0
SegmentT;5;5;3;0.0;0.0;1.0
TriangleT;1;3;4;5;3;4;5;0.0;0.501960813999176;0.0
Terrain;0;0;1
Appui_Simple;0;0;0;1;0.30303030303030304;0.0;0.0;0.0
Noeud_Simple;1;224.0;268.0;0.501960813999176;0.501960813999176;0.501960813999176
Barre;0;0;1;0.0;0.0;1.0
Appui_Double;2;0;0;1;0.6666666666666666;0.0;0.0;0.0
Barre;1;1;2;0.0;0.0;1.0
Noeud_Simple;3;277.0;328.0;0.501960813999176;0.501960813999176;0.501960813999176
Barre;2;1;3;0.0;0.0;1.0
Barre;3;2;3;0.0;0.0;1.0
Noeud_Simple;4;313.0;275.0;0.501960813999176;0.501960813999176;0.501960813999176
Barre;4;1;4;0.0;0.0;1.0
Barre;5;4;3;0.0;0.0;1.0
Noeud_Simple;5;349.0;330.0;0.501960813999176;0.501960813999176;0.501960813999176
Barre;6;3;5;0.0;0.0;1.0
Barre;7;5;4;0.0;0.0;1.0
Noeud_Simple;6;384.0;285.0;0.501960813999176;0.501960813999176;0.501960813999176
Barre;8;4;6;0.0;0.0;1.0
Barre;9;6;5;0.0;0.0;1.0
Noeud_Simple;7;422.0;329.0;0.501960813999176;0.501960813999176;0.501960813999176
Barre;10;5;7;0.0;0.0;1.0
Barre;11;7;6;0.0;0.0;1.0
Noeud_Simple;8;452.0;286.0;0.501960813999176;0.501960813999176;0.501960813999176
Barre;12;6;8;0.0;0.0;1.0
Barre;13;8;7;0.0;0.0;1.0
Appui_Encastre;9;1;3;4;0.4098360655737705;0.0;0.0;0.0
Barre;14;7;9;0.0;0.0;1.0
Barre;15;8;9;0.0;0.0;1.0
Treillis;0;0;0;1;2;3;4;5;6;7;8;9;10;11;12;13;14;15
