Point;0;365.0;213.0;0.0;0.0;0.0
Point;1;466.0;105.0;0.0;0.0;0.0
Point;2;479.0;273.0;0.0;0.0;0.0
SegmentT;0;0;1;0.0;0.0;1.0
SegmentT;1;1;2;0.0;0.0;1.0
SegmentT;2;2;0;0.0;0.0;1.0
TriangleT;0;0;1;2;0;1;2;0.0;0.501960813999176;0.0
Point;3;675.0;141.0;0.0;0.0;0.0
Point;4;637.0;292.0;0.0;0.0;0.0
SegmentT;3;2;3;0.0;0.0;1.0
SegmentT;4;3;4;0.0;0.0;1.0
SegmentT;5;4;2;0.0;0.0;1.0
TriangleT;1;2;3;4;3;4;5;0.0;0.501960813999176;0.0
Point;5;141.0;203.0;0.0;0.0;0.0
Point;6;233.0;267.0;0.0;0.0;0.0
Point;7;193.0;346.0;0.0;0.0;0.0
SegmentT;6;5;6;0.0;0.0;1.0
SegmentT;7;6;7;0.0;0.0;1.0
SegmentT;8;7;5;0.0;0.0;1.0
TriangleT;2;5;6;7;6;7;8;0.0;0.501960813999176;0.0
SegmentT;9;0;2;0.0;0.0;1.0
SegmentT;10;1;3;0.0;0.0;1.0
SegmentT;11;0;1;0.0;0.0;1.0
SegmentT;12;1;2;0.0;0.0;1.0
SegmentT;13;2;0;0.0;0.0;1.0
SegmentT;14;2;3;0.0;0.0;1.0
SegmentT;15;3;4;0.0;0.0;1.0
SegmentT;16;4;2;0.0;0.0;1.0
SegmentT;17;5;6;0.0;0.0;1.0
SegmentT;18;6;7;0.0;0.0;1.0
SegmentT;19;7;5;0.0;0.0;1.0
Terrain;0;0;1;2;9;10;11;12;13;14;15;16;17;18;19;0;2;1;3;4;5;6;7
Treillis;0;0
