Point;0;171.0;341.0;0.0;0.0;0.0
Point;1;338.0;412.0;0.0;0.0;0.0
Point;2;217.0;486.0;0.0;0.0;0.0
SegmentT;0;0;1;0.0;0.0;1.0
SegmentT;1;1;2;0.0;0.0;1.0
SegmentT;2;2;0;0.0;0.0;1.0
TriangleT;0;0;1;2;0;1;2;0.0;0.501960813999176;0.0
Point;3;568.0;420.0;0.0;0.0;0.0
Point;4;689.0;355.0;0.0;0.0;0.0
Point;5;699.0;472.0;0.0;0.0;0.0
SegmentT;3;3;4;0.0;0.0;1.0
SegmentT;4;4;5;0.0;0.0;1.0
SegmentT;5;5;3;0.0;0.0;1.0
TriangleT;1;3;4;5;3;4;5;0.0;0.501960813999176;0.0
Terrain;0;0;1
Appui_Simple;0;0;0;1;0.32934131736526945;0.0;0.0;0.0
Noeud_Simple;1;265.0;305.0;0.501960813999176;0.501960813999176;0.501960813999176
Barre;0;0;1;0.0;0.0;1.0
Noeud_Simple;2;326.0;350.0;0.501960813999176;0.501960813999176;0.501960813999176
Barre;1;1;2;0.0;0.0;1.0
Barre;2;2;0;0.0;0.0;1.0
Noeud_Simple;3;372.0;293.0;0.501960813999176;0.501960813999176;0.501960813999176
Barre;3;1;3;0.0;0.0;1.0
Barre;4;3;2;0.0;0.0;1.0
Noeud_Simple;4;424.0;354.0;0.501960813999176;0.501960813999176;0.501960813999176
Barre;5;2;4;0.0;0.0;1.0
Barre;6;4;3;0.0;0.0;1.0
Noeud_Simple;5;489.0;286.0;0.501960813999176;0.501960813999176;0.501960813999176
Barre;7;3;5;0.0;0.0;1.0
Barre;8;5;4;0.0;0.0;1.0
Noeud_Simple;6;520.0;355.0;0.501960813999176;0.501960813999176;0.501960813999176
Barre;9;4;6;0.0;0.0;1.0
Barre;10;6;5;0.0;0.0;1.0
Noeud_Simple;7;597.0;317.0;0.501960813999176;0.501960813999176;0.501960813999176
Barre;11;5;7;0.0;0.0;1.0
Appui_Double;8;1;3;4;0.5289256198347108;0.0;0.0;0.0
Barre;12;7;8;0.0;0.0;1.0
Barre;13;8;6;0.0;0.0;1.0
Barre;14;6;7;0.0;0.0;1.0
Treillis;0;0;0;1;2;3;4;5;6;7;8;9;10;11;12;13;14
